   GEOID 199901 199902 199903 199904 199905 199906 199907 199908 199909 199910 199911 199912 200001 200002 200003  ... 201809 201810 201811 201812 201901 201902 201903 201904 201905 201906 201907 201908 201909 201910 201911 201912
0     01    240    170    277    214    176    142    159    147    122    151    148    233    295    189    172  ...    243    270    267    348    381    297    319    310    311    268    235    267    264    258    289    331
1     04    313    331    272    229    178    161    151    158    143    167    183    267    286    275    233  ...    267    250    275    338    393    338    353    353    328    265    257    276    269    251    284    318
2     05    126    148    146    109     99    116    103     79     91     82    124    135    209    141    127  ...    169    200    197    209    229    231    240    174    194    163    200    192    153    178    171    239
3     06   1415   1316   1337   1129    981    986    887    826    820    879    954   1635   1874   1139   1187  ...    907    940   1006   1177   1280   1197   1322   1178   1077   1049    990    893    877   1051   1024   1158
4     08    185    216    199    174    135    120    130    135    119    140    146    195    184    151    194  ...    177    186    225    198    235    212    254    233    199    211    192    178    172    215    201    214
5     09    163    147    152    123    120    105    103     97     91    109     88    137    211    142    123  ...    100    103    116    120    150    125    143    131    110    133    107     94    115     80     88    123   
6     10     47     44     32     26     26     31     15     19     18     31     18     20     42     29     33  ...     36     47     48     35     54     42     41     26     43     39     45     37     44     42     30     31   
7     11     15     12     21     20     10     14     16     -1     13     10     12     15     28     18     13  ...     10     -1     10     17     11     -1     13     12     -1     11     11     12     -1     14     15     14   
8     12    946    914    960    798    783    592    637    613    604    690    687    907   1021    826    759  ...    893    918    889   1031   1106   1022   1112   1042   1028    981    987    915    874    921    927   1099   
9     13    355    296    335    283    256    206    213    214    178    202    218    300    390    314    251  ...    366    390    377    438    473    415    443    405    413    368    347    341    367    355    381    441   
10    16     48     57     54     57     42     46     53     34     37     47     33     60     56     51     51  ...     64     76     70     68     90    117     89     91     82     87     71     57     70     78     87     74   
11    17    534    534    601    426    370    389    359    312    346    389    366    529    650    449    400  ...    403    459    403    494    492    514    531    492    454    445    425    401    417    439    419    510   
12    18    316    320    377    284    238    206    210    198    175    217    219    293    377    291    280  ...    348    318    346    425    457    405    423    356    417    359    339    369    353    357    382    427   
13    19    160    168    185    146    117    126    109     84    104    134    132    178    192    129    129  ...    138    161    142    176    193    181    162    154    161    131    129    130    149    166    148    175   
14    20    140    133    160    153    111    103    104     73     93     90     92    134    178    143    127  ...    143    150    140    154    179    166    159    152    121    145    152    118    147    136    121    184   
15    21    231    261    328    210    153    154    135    149    141    151    181    233    281    209    203  ...    235    240    258    300    319    323    323    326    287    256    251    249    287    270    275    351   
16    22    181    174    186    133     96    100    122    101     95    119    124    179    255    143    125  ...    164    179    186    198    216    201    225    179    175    165    153    166    155    142    182    196   
17    23     68     98     75     60     42     66     51     53     56     51     63     68    109     77     79  ...     72     85     67     70     86     95    117     87     90     88     91     71     69     69     66     89   
18    24    183    240    227    180    154    132    117    123    147    123    158    159    233    172    169  ...    136    159    165    199    216    184    243    185    163    172    175    152    141    161    168    195   
19    25    305    343    313    238    203    182    219    185    183    215    216    260    342    306    288  ...    185    225    205    227    307    253    274    239    240    240    209    199    202    215    215    246   
20    26    418    445    506    400    311    305    297    284    283    340    317    410    563    392    359  ...    371    471    455    500    507    458    533    522    494    472    463    433    445    480    467    518   
21    27    201    207    226    153    154    142    125    128    128    149    148    233    237    180    155  ...    175    198    160    199    243    192    191    167    203    188    176    188    161    197    195    172   
22    28    126    115    150    113     96     89     82    108     79     89     91    129    187    128    106  ...    146    191    164    196    212    175    203    195    181    157    158    127    148    167    149    206   
23    29    265    291    376    303    268    223    214    169    185    222    227    325    396    267    248  ...    287    278    290    362    368    330    360    316    329    323    284    267    287    279    291    356   
24    30     55     67     58     35     43     46     37     43     38     36     50     58     55     44     51  ...     60     65     60     49     71     70     66     89     68     53     60     58     49     62     53     60   
25    31     85     91    118     83     82     50     68     57     59     77     82     93     98     88     72  ...     89     97     84     93    137    112     84     93     82     91     76     78     74    102     82    106   
26    32    108     88    109     99     82     75     80     58     65     70     78    117    106    102     88  ...    136    113    130    131    150    160    161    154    144    130    123    121    119     97    144    158   
27    33     59     63     79     64     44     46     33     32     28     56     36     52     55     46     47  ...     58     66     61     63     70     69     75     53     53     56     47     63     48     62     71     74   
28    34    410    346    305    271    245    212    229    193    200    219    223    277    406    267    247  ...    220    238    240    313    342    283    279    262    244    240    246    193    220    217    219    308   
29    35    101    112    103     70     59     51     50     55     47     47     62     91    102     73     64  ...     63     72     92     98    130    107    109     94     88     87     64     66     86     90     75    109   
30    36    866    804    731    580    498    516    497    459    444    523    510    658    847    598    566  ...    499    572    546    602    699    628    736    606    630    575    564    501    469    535    538    637   
31    37    396    376    411    310    262    232    233    244    238    258    272    359    507    382    303  ...    382    409    432    491    523    533    516    523    450    420    413    410    346    415    393    469   
32    38     36     32     30     31     19     14     15     12     17     22     20     25     36     25     21  ...     19     26     18     33     27     24     40     37     26     22     22     36     21     26     35     22   
33    39    582    602    704    535    479    382    420    350    394    408    475    527    754    589    575  ...    526    577    631    668    694    572    745    625    638    561    560    580    481    519    534    661   
34    40    195    193    189    142    139    128    108    115    112    128    126    176    271    180    163  ...    208    193    224    278    288    286    294    276    251    217    239    235    209    205    242    261   
35    41    174    195    187    165    156    130    116    114    122    122    129    155    199    134    151  ...    126    109    173    177    189    170    224    177    178    158    146    151    156    172    192    199   
36    42    677    716    678    558    476    416    388    419    402    439    450    522    795    552    558  ...    413    492    474    563    642    525    628    534    595    515    496    461    447    478    486    534   
37    44     52     72     58     42     39     28     42     36     25     27     26     48     78     50     29  ...     37     26     42     25     57     40     45     48     45     41     33     48     27     30     43     42   
38    45    186    172    198    155    133    137    119    109    106    131    123    183    245    184    145  ...    189    259    229    264    281    271    275    239    267    231    223    186    197    202    245    282   
39    46     48     33     33     28     18     14     20     26     26     28     26     35     51     40     44  ...     48     41     35     58     56     29     52     59     39     33     34     39     46     45     36     53   
40    47    283    246    351    241    226    186    184    203    185    187    212    244    361    275    234  ...    318    379    369    398    410    422    425    406    393    350    333    357    353    340    336    431   
41    48    780    924    819    691    581    473    496    463    455    551    545    740   1060    668    637  ...    714    783    892    977   1078    954   1043    994    921    824    812    731    767    784    871   1018   
42    49     68     66     55     41     51     42     33     40     28     50     39     46     57     49     53  ...     63     68     76     71     83     82     78     75     76     56     68     52     51     73     65     84   
43    50     34     41     31     30     23     16     19     20     20     25     20     21     40     23     32  ...     27     30     38     25     26     32     30     41     24     28     25     22     27     27     36     24   
44    51    281    321    335    207    216    175    165    189    172    202    184    252    338    295    271  ...    222    261    290    293    336    294    341    324    357    295    261    254    266    303    298    336   
45    53    257    279    295    254    210    210    196    146    164    208    213    281    317    245    226  ...    213    260    243    256    321    262    316    286    275    228    223    203    218    226    210    277   
46    54    127    143    135    116     96     88     86     77     77     79    104    108    153    137    145  ...    114    139    140    154    154    147    171    159    148    116    113    116    116    143    122    168   
47    55    230    223    259    189    179    170    155    149    174    170    161    211    279    202    197  ...    216    216    201    258    280    235    265    221    242    232    233    233    208    221    230    246   
48    56     29     26     34     27     21     17     33     32     18     31     31     39     33     20     36  ...     25     33     33     42     25     42     26     27     40     28     25     35     34     32     31     36   

[49 rows x 253 columns]
   GEOID  199901  199902  199903  199904  199905  199906  199907  199908  199909  199910  199911  199912  200001  ...  201811  201812  201901  201902  201903  201904  201905  201906  201907  201908  201909  201910  201911  201912
0     01      79      30     115      55      37      38      25      48      32      43      45     107     129  ...      83     154     184     126     129     170     141     116      92      92      81      87      88     184    
1     04     292     299     249     198     159     126     108     128     111     134     137     236     261  ...     248     303     365     316     332     322     287     248     222     253     251     214     253     280    
2     05      11      16      12      10      14      18      14      10      11      12      13      18      62  ...      62      52      72      46      59      29      26      30      37      35      27      40      32      93    
3     06    1316    1216    1226    1022     881     894     754     723     724     772     872    1539    1801  ...     882    1041    1167    1062    1203    1068     967     965     876     790     729     953     909    1040    
4     08     127     154     143     118      72      67      84      91      62      80      77     111     142  ...     164     147     151     155     209     183     142     154     120     120     100     150     148     146    
5     09     143     130     145      90     101      78      81      72      73      90      75     105     191  ...     101      86     130     105     116     121     104     109      82      67      81      59      60      98    
6     10      39      44      26      15      16      20       0      12      11      23      10      13      29  ...      48      20      54      34      41      21      34      33      37      33      38      42      19      18    
7     11      15      12      21      20      10      14      16       0      13      10      12      15      28  ...      10      17      11       0      13      12       0      11      11      12       0      14      15      14    
8     12     793     791     861     669     663     452     513     503     491     583     547     790     888  ...     733     922     993     897    1006     938     925     862     858     763     746     823     797    1015    
9     13     120      68      87      81      63      24      37      68      23      47      49     100     147  ...      81     108     144     140     116     131     116      65      73      61      80      57     106     105    
10    16       0       0      10       0      10      13      13       0       0      14      10      23      13  ...      22      23      43      58      30      32      22      41      27      14      37      35      25      12    
11    17     328     366     395     252     212     223     196     151     182     212     199     366     458  ...     207     293     284     293     351     305     285     244     233     219     220     269     263     296    
12    18     155     132     174      89      93      72      61      72      51      82      78     122     145  ...     121     189     222     206     176     148     154     138     137     149     144     154     171     205    
13    19      49      34      33      28      22       0      18       0       0      20      11      30      51  ...      28      36      40      48      24      18      45      17      20      25      22      40      31      44    
14    20      38      44      61      64      34      11      37      10      16      23      32      53      76  ...      64      51      67      59      62      43      43      51      53      53      57      50      29      80    
15    21      75      70      93      47      36      45      26      36      26      27      37      59      78  ...      53      52      81      62      58      83      44      45      48      50      65      45      51      76    
16    22      72      70      61      46      15      14      22      11      26      29      29      70     103  ...      71      75      36      44      78      57      36      36      44      42      51      35      47      67    
17    23      21      57      26      14      12      25       0       0       0      14      29      11      50  ...      24      15      40      48      67      30      46      37      35      16      36      13      10      33    
18    24      99     160     176     124     100      92      77      82     107      69     106     102     184  ...     100     130     170     131     167     118     113     103      99      84      84     102     106     148    
19    25     285     332     303     217     189     163     199     163     168     192     201     241     337  ...     191     213     298     238     258     224     228     219     194     183     187     210     205     229    
20    26     237     261     300     224     161     159     160     152     164     188     170     242     375  ...     253     293     311     281     312     314     288     268     242     224     289     291     252     302    
21    27      75      89      99      78      66      54      44      42      49      54      63     120      87  ...      41      86     105      77      73      62      83      91      57      75      64      75      90      65    
22    28      13       0       0      11      14       0       0       0       0      10       0       0      37  ...      12      10      40      35      24      35      34       0      24      12       0      14       0      24    
23    29     125     123     168     113     105     110      75      58      63      85      99     147     165  ...      92     130     186     141     135     122     153     112     105      90      91     100      98     153    
24    30       0      20       0       0      11       0      11       0       0       0       0      11      12  ...      12       0      12       0       0      42      24       0      10       0      12      10       0       0    
25    31      19      40      52      34      19      13      20      12      13      20      26      26      27  ...      30      37      61      50      29      37      36      33      16      22      22      38      31      44    
26    32      89      70      89      86      67      63      71      36      57      56      58      97      84  ...     102     108     129     135     132     123     120     103     105      98      94      77     118     136    
27    33      31      23      47      42      12      11       0       0      10      23      13      24      16  ...      33      29      38      33      52      13      14      30       0      35      24      23      44      35    
28    34     387     306     267     205     215     154     155     139     144     174     163     238     384  ...     204     274     287     246     241     217     203     175     197     148     189     161     177     267    
29    35      36      34      31      22      21      17       0      20      12      16      20      20      35  ...      29      33      53      29      33      36      23      33      21      19      44      28      31      39    
30    36     713     663     575     446     381     357     334     317     297     368     348     457     702  ...     375     425     547     464     581     431     451     439     399     348     287     373     380     449    
31    37     124      91     140     111      68      36      29      81      36      60      60     112     244  ...     223     190     250     251     259     248     147     157     144     161     101     143     114     190    
32    38       0       0      10       0       0       0       0       0       0       0       0       0       0  ...       0       0       0       0       0      10       0       0       0       0       0       0       0       0    
33    39     351     360     491     318     272     208     239     173     200     219     253     307     533  ...     371     443     385     332     484     367     404     331     321     336     258     279     292     402    
34    40      65      51      63      47      46      42      39      38      35      61      39      76     122  ...      78     109     124     115     120      96      82      82      95      97      54      44      85     100    
35    41      82     135     114      74      90      50      45      60      35      47      71      98     126  ...     124     108     131     113     153     105     102      95      72      76      85     108     136     124    
36    42     514     587     543     359     321     243     208     248     231     282     329     381     641  ...     324     386     461     360     463     355     442     344     342     294     288     319     311     401    
37    44      34      66      43      32      24      18      29      24      10      16      16      31      65  ...      33      13      40      21      21      28      26      19      14      25      13      17      26      21    
38    45      85      73      74      63      41      33      20      44      10      23      23      58     137  ...     113     159     169     158     158     125     162     127     123      50      86      95     139     169    
39    46       0       0       0       0       0       0       0       0       0       0       0       0       0  ...       0      12       0       0       0      13       0       0       0       0       0       0       0       0    
40    47      99      81     151      63      81      84      51      79      54      50      78      79     136  ...     138     174     138     166     173     164     137     107     144     171     120     124     103     181    
41    48     401     540     396     340     253     192     196     197     176     258     249     389     620  ...     514     567     657     563     654     576     573     474     457     372     403     445     484     654    
42    49      33      28      24      21      25      21      10      15      14      27      15      26      27  ...      39      34      46      46      39      38      26      23      35      22      22      39      28      52    
43    50       0       0       0       0       0       0       0       0       0       0       0       0      10  ...       0       0       0       0       0       0       0       0       0       0       0       0       0       0    
44    51      68     116     105      27      24      14      10      20      22      37       0      38      82  ...      57      30      75      61      96      50      97      68      34      36      49      32      81     112    
45    53     180     214     213     157     119     130     128      95     112     135     141     197     230  ...     156     177     227     186     244     214     178     151     124     124     155     156     159     185    
46    54      15      16      21      13      10       0       0       0      12      11      20      12      14  ...      15      45      12      28      36      10      40      13       0      15       0      22      17      49    
47    55      75      85      99      67      43      54      26      34      40      53      33      75     139  ...      59      80     118      49      92      70      76      68      81      81      55      59      58      92    
48    56       0       0       0       0       0       0       0       0       0       0       0       0       0  ...       0      22       0      20       0      11      12       0       0       0       0       0       0      10    

[49 rows x 253 columns]
   GEOID 199901 199902 199903 199904 199905 199906 199907 199908 199909 199910 199911 199912 200001 200002 200003  ... 201809 201810 201811 201812 201901 201902 201903 201904 201905 201906 201907 201908 201909 201910 201911 201912
0     01    161    140    162    159    139    104    134     99     90    108    103    126    166    129    118  ...    163    139    184    194    197    171    190    140    170    152    143    175    183    171    201    147   
1     04     21     32     23     31     19     35     43     30     32     33     46     31     25     31     27  ...     27     27     27     35     28     22     21     31     41     17     35     23     18     37     31     38   
2     05    115    132    134     99     85     98     89     69     80     70    111    117    147    117    108  ...    137    160    135    157    157    185    181    145    168    133    163    157    126    138    139    146   
3     06     99    100    111    107    100     92    133    103     96    107     82     96     73    105    107  ...    111     99    124    136    113    135    119    110    110     84    114    103    148     98    115    118   
4     08     58     62     56     56     63     53     46     44     57     60     69     84     42     54     62  ...     59     49     61     51     84     57     45     50     57     57     72     58     72     65     53     68   
5     09     20     17      7     33     19     27     22     25     18     19     13     32     20     21     23  ...     19     18     15     34     20     20     27     10      6     24     25     27     34     21     28     25   
6     10      8      0      6     11     10     11     15      7      7      8      8      7     13     12     18  ...      6      0      0     15      0      8      0      5      9      6      8      4      6      0     11     13   
7     11      0      0      0      0      0      0      0     -1      0      0      0      0      0      0      0  ...      0     -1      0      0      0     -1      0      0     -1      0      0      0     -1      0      0      0   
8     12    153    123     99    129    120    140    124    110    113    107    140    117    133    145    124  ...    122    125    156    109    113    125    106    104    103    119    129    152    128     98    130     84   
9     13    235    228    248    202    193    182    176    146    155    155    169    200    243    215    182  ...    297    289    296    330    329    275    327    274    297    303    274    280    287    298    275    336   
10    16     48     57     44     57     32     33     40     34     37     33     23     37     43     36     37  ...     37     49     48     45     47     59     59     59     60     46     44     43     33     43     62     62   
11    17    206    168    206    174    158    166    163    161    164    177    167    163    192    187    168  ...    179    193    196    201    208    221    180    187    169    201    192    182    197    170    156    214   
12    18    161    188    203    195    145    134    149    126    124    135    141    171    232    176    168  ...    204    211    225    236    235    199    247    208    263    221    202    220    209    203    211    222   
13    19    111    134    152    118     95    126     91     84    104    114    121    148    141    116    109  ...    127    132    114    140    153    133    138    136    116    114    109    105    127    126    117    131   
14    20    102     89     99     89     77     92     67     63     77     67     60     81    102     94     85  ...     97     80     76    103    112    107     97    109     78     94     99     65     90     86     92    104   
15    21    156    191    235    163    117    109    109    113    115    124    144    174    203    150    152  ...    195    204    205    248    238    261    265    243    243    211    203    199    222    225    224    275   
16    22    109    104    125     87     81     86    100     90     69     90     95    109    152     87     96  ...    121    144    115    123    180    157    147    122    139    129    109    124    104    107    135    129   
17    23     47     41     49     46     30     41     51     53     56     37     34     57     59     50     40  ...     47     58     43     55     46     47     50     57     44     51     56     55     33     56     56     56   
18    24     84     80     51     56     54     40     40     41     40     54     52     57     49     59     70  ...     56     75     65     69     46     53     76     67     50     69     76     68     57     59     62     47   
19    25     20     11     10     21     14     19     20     22     15     23     15     19      5     24     17  ...     19     24     14     14      9     15     16     15     12     21     15     16     15      5     10     17   
20    26    181    184    206    176    150    146    137    132    119    152    147    168    188    204    146  ...    182    212    202    207    196    177    221    208    206    204    221    209    156    189    215    216   
21    27    126    118    127     75     88     88     81     86     79     95     85    113    150    107    104  ...     98    110    119    113    138    115    118    105    120     97    119    113     97    122    105    107   
22    28    113    115    150    102     82     89     82    108     79     79     91    129    150    128    106  ...    125    144    152    186    172    140    179    160    147    157    134    115    148    153    149    182   
23    29    140    168    208    190    163    113    139    111    122    137    128    178    231    160    174  ...    204    177    198    232    182    189    225    194    176    211    179    177    196    179    193    203   
24    30     55     47     58     35     32     46     26     43     38     36     50     47     43     34     40  ...     60     52     48     49     59     70     66     47     44     53     50     58     37     52     53     60   
25    31     66     51     66     49     63     37     48     45     46     57     56     67     71     68     51  ...     63     68     54     56     76     62     55     56     46     58     60     56     52     64     51     62   
26    32     19     18     20     13     15     12      9     22      8     14     20     20     22     21     12  ...     23     25     28     23     21     25     29     31     24     27     18     23     25     20     26     22   
27    33     28     40     32     22     32     35     33     32     18     33     23     28     39     28     28  ...     35     18     28     34     32     36     23     40     39     26     47     28     24     39     27     39   
28    34     23     40     38     66     30     58     74     54     56     45     60     39     22     36     50  ...     48     43     36     39     55     37     38     45     41     65     49     45     31     56     42     41   
29    35     65     78     72     48     38     34     50     35     35     31     42     71     67     57     44  ...     46     43     63     65     77     78     76     58     65     54     43     47     42     62     44     70   
30    36    153    141    156    134    117    159    163    142    147    155    162    201    145    159    141  ...    148    188    171    177    152    164    155    175    179    136    165    153    182    162    158    188   
31    37    272    285    271    199    194    196    204    163    202    198    212    247    263    279    234  ...    256    251    209    301    273    282    257    275    303    263    269    249    245    272    279    279   
32    38     36     32     20     31     19     14     15     12     17     22     20     25     36     25     21  ...     19     26     18     33     27     24     40     27     26     22     22     36     21     26     35     22   
33    39    231    242    213    217    207    174    181    177    194    189    222    220    221    202    200  ...    261    234    260    225    309    240    261    258    234    230    239    244    223    240    242    259   
34    40    130    142    126     95     93     86     69     77     77     67     87    100    149    119    109  ...    126    132    146    169    164    171    174    180    169    135    144    138    155    161    157    161   
35    41     92     60     73     91     66     80     71     54     87     75     58     57     73     91     79  ...     52     79     49     69     58     57     71     72     76     63     74     75     71     64     56     75   
36    42    163    129    135    199    155    173    180    171    171    157    121    141    154    180    186  ...    170    154    150    177    181    165    165    179    153    171    154    167    159    159    175    133   
37    44     18      6     15     10     15     10     13     12     15     11     10     17     13      9     16  ...     19      3      9     12     17     19     24     20     19     22     19     23     14     13     17     21   
38    45    101     99    124     92     92    104     99     65     96    108    100    125    108     98     96  ...    110     95    116    105    112    113    117    114    105    104    100    136    111    107    106    113   
39    46     48     33     33     28     18     14     20     26     26     28     26     35     51     40     30  ...     48     31     35     46     56     29     52     46     39     33     34     39     46     45     36     53   
40    47    184    165    200    178    145    102    133    124    131    137    134    165    225    174    143  ...    175    241    231    224    272    256    252    242    256    243    189    186    233    216    233    250   
41    48    379    384    423    351    328    281    300    266    279    293    296    351    440    335    325  ...    387    372    378    410    421    391    389    418    348    350    355    359    364    339    387    364   
42    49     35     38     31     20     26     21     23     25     14     23     24     20     30     36     26  ...     40     42     37     37     37     36     39     37     50     33     33     30     29     34     37     32   
43    50     34     41     31     30     23     16     19     20     20     25     20     21     30     23     32  ...     27     30     38     25     26     32     30     41     24     28     25     22     27     27     36     24   
44    51    213    205    230    180    192    161    155    169    150    165    184    214    256    209    190  ...    200    250    233    263    261    233    245    274    260    227    227    218    217    271    217    224   
45    53     77     65     82     97     91     80     68     51     52     73     72     84     87     67     88  ...     74     67     87     79     94     76     72     72     97     77     99     79     63     70     51     92   
46    54    112    127    114    103     86     88     86     77     65     68     84     96    139    101    128  ...     97    106    125    109    142    119    135    149    108    103    113    101    116    121    105    119   
47    55    155    138    160    122    136    116    129    115    134    117    128    136    140    110    133  ...    158    165    142    178    162    186    173    151    166    164    152    152    153    162    172    154   
48    56     29     26     34     27     21     17     33     32     18     31     31     39     33     20     26  ...     25     33     33     20     25     22     26     16     28     28     25     35     34     32     31     26   
