# county
       GEOID  YYYYMM  deaths
0      01073  199901      35
1      01097  199901      22
2      01101  199901      12
3      01125  199901      10
4      04003  199901      12
...      ...     ...     ...
69126  55079  201912      33
69127  55101  201912      10
69128  55133  201912      11
69129  55139  201912      16
69130  56025  201912      10

[69131 rows x 3 columns]

# state
      GEOID  YYYYMM  deaths
0        01  199901     240
1        02  199901      18
2        04  199901     313
3        05  199901     126
4        06  199901    1415
...     ...     ...     ...
12847    51  201912     336
12848    53  201912     277
12849    54  201912     168
12850    55  201912     246
12851    56  201912      36

[12852 rows x 3 columns]