        GEOID  AgeGroup  RaceSex  Ethnicity  199807
0       01001         0        1          1     219
1       01001         0        2          1     232
2       01001         1        1          1     934
3       01001         1        2          1     907
4       01001         2        1          1    1419
...       ...       ...      ...        ...     ...
945131  56045        16        8          2       0
945132  56045        17        7          2       0
945133  56045        17        8          2       0
945134  56045        18        7          2       0
945135  56045        18        8          2       0

[945136 rows x 5 columns]




        GEOID  AgeGroup  RaceSex  Ethnicity  199907
0       01001         0        1          1     218
1       01001         0        2          1     239
2       01001         1        1          1     947
3       01001         1        2          1     928
4       01001         2        1          1    1460
...       ...       ...      ...        ...     ...
945131  56045        16        8          2       0
945132  56045        17        7          2       0
945133  56045        17        8          2       0
945134  56045        18        7          2       0
945135  56045        18        8          2       0

[945136 rows x 5 columns]



5.860993385314941 1998 - 1999 data files
      GEOID  200007  200107  200207  200307  200407  200507  200607  200707  200807  200907
0     01001   44021   44889   45909   46800   48366   49676   51328   52405   53277   54135
1     01003  141342  144875  147957  151509  156266  162183  168121  172404  175827  179406
2     01005   29015   28863   28653   28594   28287   28027   27861   27757   27808   27657
3     01007   19913   21028   21199   21399   21721   22042   22099   22438   22705   22941
4     01009   51107   51845   52551   53457   54124   54624   55485   56240   57055   57341
...     ...     ...     ...     ...     ...     ...     ...     ...     ...     ...     ...
3104  56037   37552   36899   37428   37450   38026   38739   39749   41470   42358   44133
3105  56039   18381   18653   18837   19066   19467   19632   20014   20472   20988   21232
3106  56041   19666   19413   19587   19480   19470   19494   19709   20171   20613   21054
3107  56043    8252    8068    7988    7976    7960    8022    7979    8169    8229    8423
3108  56045    6627    6487    6578    6610    6646    6594    6717    7033    7133    7266

[3109 rows x 11 columns]



      GEOID  201007  201107  201207  201307  201407  201507  201607  201707  201807  201907
0     01001   54773   55227   54954   54727   54893   54864   55243   55390   55533   55869
1     01003  183112  186558  190145  194885  199183  202939  207601  212521  217855  223234
2     01005   27327   27341   27169   26937   26755   26283   25806   25157   24872   24686
3     01007   22870   22745   22667   22521   22553   22566   22586   22550   22367   22394
4     01009   57376   57560   57580   57619   57526   57526   57494   57787   57771   57826
...     ...     ...     ...     ...     ...     ...     ...     ...     ...     ...     ...
3103  56037   43574   43986   45002   45157   44948   44719   44222   43464   42858   42343
3104  56039   21296   21414   21624   22315   22773   23047   23234   23384   23269   23464
3105  56041   21089   20896   20996   20951   20822   20763   20682   20431   20292   20226
3106  56043    8530    8449    8409    8413    8273    8278    8165    8010    7877    7805
3107  56045    7198    7142    7077    7136    7138    7208    7220    6968    6924    6927

[3108 rows x 11 columns]


0.18560504913330078 2000 - 2019 data files
6.047585487365723 total time