
# deathsData
      GEOID    199901    199902     199903    199904    199905    199906    199907    199908    199909    199910  ...    201809     201810    201811     201812     201901     201902     201903     201904     201905     201906     201907
0     01001  1.550238  1.349649   1.563604  1.536480  1.344812  1.007386  1.299517  0.961662  0.875666  1.052511  ...  1.852866   1.580430  2.092580   2.206835   2.241497   1.946129   2.162881   1.594082   1.936132   1.731542   1.629404
1     01003  4.956720  4.316336  14.000000  4.916062  4.303773  3.224636  4.160673  3.079706  2.804980  3.372266  ...  7.291322  10.000000  8.260061  17.000000  15.000000  12.000000  10.000000  10.000000  13.000000  13.000000  11.000000
2     01005  1.051612  0.914073   1.057282  1.037280  0.906436  0.677921  0.873120  0.645076  0.586442  0.703742  ...  0.827988   0.705449  0.933002   0.982835   0.997146   0.864774   0.960005   0.706743   0.857423   0.765955   0.719960
3     01007  0.736422  0.641931   0.744615  0.732599  0.641997  0.481501  0.621885  0.458058  0.415149  0.496660  ...  0.745676   0.635779  0.841470   0.887057   0.900627   0.781635   0.868341   0.639726   0.776683   0.694333   0.653115
4     01009  1.805219  1.572732   1.823318  1.792927  1.570349  1.177140  1.519536  1.123797  1.022682  1.228475  ...  1.925901   1.642029  2.173220   2.290907   2.325903   2.018559   2.242429   1.652012   2.005644   1.792951   1.686479
...     ...       ...       ...        ...       ...       ...       ...       ...       ...       ...       ...  ...       ...        ...       ...        ...        ...        ...        ...        ...        ...        ...        ...
3103  56037  2.263971  2.027560   2.648539  2.100961  1.632300  1.319945  2.559449  2.477633  1.391276  2.391969  ...  1.850667   2.440022  2.437164   1.475338   1.842009   1.619064   1.911191   1.174734   2.053365   2.050946   1.829043
3104  56039  1.019874  0.917695   1.204410  0.959894  0.749267  0.608721  1.185847  1.153265  0.650595  1.123711  ...  1.008210   1.331542  1.332248   0.807850   1.010347   0.889575   1.051871   0.647647   1.133980   1.134577   1.013548
3105  56041  1.178515  1.055857   1.379766  1.094926  0.851010  0.688428  1.335420  1.293127  0.726357  1.249182  ...  0.877519   1.157817  1.157310   0.701092   0.875982   0.770526   0.910222   0.559891   0.979380   0.978951   0.873680
3106  56043  0.502042  0.449325   0.586558  0.464985  0.361025  0.291748  0.565344  0.547041  0.307052  0.527679  ...  0.340303   0.448782  0.448365   0.271483   0.339038   0.298075   0.351942   0.216378   0.378308   0.377954   0.337144
3107  56045  0.395672  0.354363   0.462905  0.367209  0.285303  0.230713  0.447377  0.433418  0.243572  0.419096  ...  0.299609   0.395433  0.395381   0.239593   0.299453   0.263484   0.311349   0.191574   0.335212   0.335168   0.299218
[3108 rows x 248 columns]



# popData
      GEOID    199807         199808         199809     199810         199811         199812    199901  ...         201812    201901         201902         201903     201904         201905         201906    201907
0     01001   42106.0   42177.416667   42248.833333   42320.25   42391.666667   42463.083333   42534.5  ...   55673.000000   55701.0   55729.000000   55757.000000   55785.00   55813.000000   55841.000000   55869.0
1     01003  134444.0  134703.250000  134962.500000  135221.75  135481.000000  135740.250000  135999.5  ...  220096.250000  220544.5  220992.750000  221441.000000  221889.25  222337.500000  222785.750000  223234.0
2     01005   28841.0   28843.083333   28845.166667   28847.25   28849.333333   28851.416667   28853.5  ...   24794.500000   24779.0   24763.500000   24748.000000   24732.50   24717.000000   24701.500000   24686.0
3     01007   19851.0   19910.083333   19969.166667   20028.25   20087.333333   20146.416667   20205.5  ...   22378.250000   22380.5   22382.750000   22385.000000   22387.25   22389.500000   22391.750000   22394.0
4     01009   48824.0   48941.750000   49059.500000   49177.25   49295.000000   49412.750000   49530.5  ...   57793.916667   57798.5   57803.083333   57807.666667   57812.25   57816.833333   57821.416667   57826.0
...     ...       ...            ...            ...        ...            ...            ...       ...  ...            ...       ...            ...            ...        ...            ...            ...       ...
3103  56037   38565.0   38529.750000   38494.500000   38459.25   38424.000000   38388.750000   38353.5  ...   42643.416667   42600.5   42557.583333   42514.666667   42471.75   42428.833333   42385.916667   42343.0
3104  56039   16883.0   16948.750000   17014.500000   17080.25   17146.000000   17211.750000   17277.5  ...   23350.250000   23366.5   23382.750000   23399.000000   23415.25   23431.500000   23447.750000   23464.0
3105  56041   20029.0   20018.333333   20007.666667   19997.00   19986.333333   19975.666667   19965.0  ...   20264.500000   20259.0   20253.500000   20248.000000   20242.50   20237.000000   20231.500000   20226.0
3106  56043    8585.0    8571.666667    8558.333333    8545.00    8531.666667    8518.333333    8505.0  ...    7847.000000    7841.0    7835.000000    7829.000000    7823.00    7817.000000    7811.000000    7805.0
3107  56045    6739.0    6733.000000    6727.000000    6721.00    6715.000000    6709.000000    6703.0  ...    6925.250000    6925.5    6925.750000    6926.000000    6926.25    6926.500000    6926.750000    6927.0
[3108 rows x 254 columns]



# precipData
      GEOID 200001 200002 200003 200004 200005 200006 200007 200008 200009 200010 200011 200012 200101 200102 200103  ... 201709 201710 201711 201712 201801 201802 201803 201804 201805 201806 201807 201808 201809 201810 201811 201812
0     01001   5.52   2.01   4.56   3.28   1.28   2.78   1.93   2.33   3.04   1.03   7.05   4.97   4.18    6.3  12.24  ...   2.78   5.36   1.26   3.24   3.94   6.18   4.47   4.79  11.07   3.01   4.27   6.37   6.48   1.45   6.16   9.95 
1     01003   2.58   1.28    3.6   1.47   0.93    5.1   2.54   2.83   6.83   0.63   7.71   3.76   3.64   2.53   9.81  ...   1.57  12.72   0.32   3.35   2.88   7.34   2.76   4.11   3.95   5.66    6.2   7.24  14.46   2.46   7.22   10.8 
2     01005   4.59   1.61   5.32   1.42   0.34    2.8   2.49   2.43   6.68    0.4   6.15    7.0   3.17   1.21  12.56  ...   3.36   4.47   0.88   3.69   1.45   5.29   2.54   4.75   6.59   5.25   6.19   7.39   3.82   5.35   4.53    6.9 
3     01007   5.06   1.71   6.47   5.86   2.06   3.74   1.69   2.15   1.14   1.24   7.21   3.39   4.83   5.91   8.81  ...   2.75   5.06   1.16    3.1   2.08   8.13   4.31   7.85   8.11   2.87   3.66   3.81   4.79   1.45   6.55  10.07 
4     01009    5.5   2.35   7.46   8.18    1.7   3.94   1.51   2.02   3.61   0.54   8.14   2.35   5.32   4.78   7.67  ...   4.33   6.05   1.16   4.87   1.41   8.32   6.17   6.83   2.75   5.54   2.35   2.96   5.52   2.25   5.75  10.86 
...     ...    ...    ...    ...    ...    ...    ...    ...    ...    ...    ...    ...    ...    ...    ...    ...  ...    ...    ...    ...    ...    ...    ...    ...    ...    ...    ...    ...    ...    ...    ...    ...    ... 
3103  56037   0.39   0.76   0.64   0.81   1.08    0.4   0.31   0.71   1.51   0.87   0.57    0.3    0.3   0.61   0.28  ...   1.49   0.21   0.59   0.55   0.34   0.55   0.69   0.65   1.83   0.72   0.39   0.64   0.04   1.61   0.51   0.37 
3104  56039   5.04   4.26   3.04   1.99   3.83   1.74   0.71   1.07   1.34   2.79   1.98   3.42   1.02   3.09   1.94  ...   4.79   1.88    6.8   2.61   4.02   4.08   4.42   5.03   3.92   3.27   0.48   1.55   0.16   2.29   4.19    2.3 
3105  56041   1.14   0.74   0.93   0.81   1.41   0.27   0.41   1.62   1.62    1.1   0.77   0.67   0.34   0.97   0.43  ...   2.16   0.22   0.95   0.43   0.63   0.86   0.76   0.64    1.2   0.64   0.53   0.89   0.01    2.5   1.25   0.79 
3106  56043   0.48   0.44   0.52   1.61    2.1   1.21   0.28   0.23   1.08   0.88    0.5   0.34   0.26    0.6   0.42  ...   2.42    0.8   0.97   0.82   0.56   0.94   1.11   1.06   3.06   1.54   0.54   0.67   0.24    0.8   1.03    0.5 
3107  56045   0.59   0.67    0.6   2.77   2.14    1.4   2.01   0.69   0.89   0.45   1.41    0.3   0.15   0.81   0.55  ...   1.79    0.9   0.47   0.69   0.59   1.14   1.47   1.02   4.71   3.77   4.88   1.15   0.88    0.9   0.46   0.97 
[3108 rows x 229 columns]



# tempData
      GEOID 200001 200002 200003 200004 200005 200006 200007 200008 200009 200010 200011 200012 200101 200102 200103  ... 201709 201710 201711 201712 201801 201802 201803 201804 201805 201806 201807 201808 201809 201810 201811 201812
0     01001   47.9   53.0   59.8   60.7   75.1   78.3   83.0   81.2   74.4   65.4   53.4   39.8   42.2   53.5   52.4  ...   75.2   66.7   55.5   47.3   40.6   58.7   56.2   60.6   75.0   80.4   81.6   80.0   80.5   68.1   50.8   49.4 
1     01003   53.5   57.1   63.6   64.8   76.8   79.7   84.1   83.2   76.9   67.8   57.2   46.5   46.6   58.0   57.4  ...   77.2   70.3   60.6   53.0   46.0   64.1   60.6   63.3   76.3   81.0   82.1   80.4   80.4   71.7   56.3   54.7 
2     01005   49.3   54.4   60.5   62.6   75.7   79.5   83.3   81.1   74.3   64.5   54.3   42.2   43.7   56.0   53.9  ...   75.5   68.2   58.2   50.3   43.7   61.0   56.6   61.8   74.9   79.4   80.6   79.2   80.0   69.5   52.8   51.1 
3     01007   46.1   51.8   58.0   59.3   73.7   77.1   82.1   81.1   74.4   64.8   52.4   38.3   40.3   51.9   50.8  ...   73.2   64.8   54.9   45.4   39.5   56.4   54.9   59.0   74.0   79.2   80.8   79.5   79.4   67.0   49.2   47.8 
4     01009   42.4   49.8   56.3   57.6   72.0   76.1   80.7   80.4   72.2   63.8   50.6   35.6   38.4   49.2   48.4  ...   71.0   63.4   53.3   44.2   36.7   54.2   52.0   57.9   73.9   78.0   79.8   79.0   78.9   65.5   47.4   46.4 
...     ...    ...    ...    ...    ...    ...    ...    ...    ...    ...    ...    ...    ...    ...    ...    ...  ...    ...    ...    ...    ...    ...    ...    ...    ...    ...    ...    ...    ...    ...    ...    ...    ... 
3103  56037   24.0   29.3   32.5   44.2   53.0   60.1   68.8   68.0   53.4   42.7   19.0   19.9   17.6   20.5   33.2  ...   54.5   40.7   35.6   26.4   26.1   23.6   33.2   41.4   53.3   62.3   69.8   65.4   58.7   41.4   27.9   18.6 
3104  56039   18.8   23.8   25.3   36.6   42.8   50.1   58.5   57.9   46.4   37.0   16.7   15.2   14.4   17.6   27.6  ...   47.2   34.3   26.9   18.5   21.3   18.2   24.8   34.2   45.9   50.3   59.0   55.6   49.3   36.3   22.2   15.4 
3105  56041   22.9   27.6   30.5   42.6   49.8   56.8   65.1   64.2   51.2   40.3   20.0   21.6   17.7   20.2   31.3  ...   52.2   39.4   34.9   27.0   25.7   22.6   31.0   39.5   49.9   58.5   66.2   62.0   56.3   39.2   28.0   17.0 
3106  56043   25.4   31.4   37.6   45.3   54.8   61.8   72.5   71.2   56.9   45.7   20.8   19.7   22.8   19.1   35.9  ...   56.7   43.3   34.4   22.2   23.2   15.8   34.7   42.1   56.0   63.4   71.4   66.9   58.4   43.1   29.6   22.0 
3107  56045   24.7   31.2   37.5   43.7   54.7   61.8   73.2   72.5   59.6   46.8   21.5   16.3   24.0   17.2   33.4  ...   58.4   44.0   35.3   21.3   22.0   14.4   32.9   40.2   57.2   64.9   69.9   66.8   59.6   41.9   30.5   24.4 
[3108 rows x 229 columns]



# pm25Data
      GEOID     200001     200002     200003    200004     200005     200006     200007     200008     200009     200010  ...    201802    201803    201804    201805    201806     201807     201808    201809    201810    201811    201812
0     01001   8.556104  11.819183  11.972940  9.379572  13.039817  13.781131  20.584676  18.555702  13.068015  22.378872  ...  6.120567  7.695991  7.075698  9.053955  9.015191  10.558791   8.105468  7.163831  6.757226  6.579398  5.781832
1     01003   6.300487   8.705789  12.771943  9.627602   9.948484   9.138515  21.269095  17.548593  12.070433  15.060830  ...  5.494254  7.408106  7.295579  7.784811  7.480245  10.717275   6.852858  6.139065  6.913488  5.680838  5.567541
2     01005   7.399836  11.872061  10.534903  8.362974  12.010164  11.000958  19.572586  17.234667  12.881843  16.819235  ...  4.943463  8.328072  8.235856  7.024899  8.734832   8.469074   7.274363  5.980150  6.413199  6.572604  5.250639
3     01007   8.559148  12.712427  12.228954  9.311744  17.385108  15.692972  24.229604  19.389141  12.251802  23.421522  ...  6.838588  7.735459  7.531419  8.837541  8.925330   9.132421   8.905239  6.941674  6.965711  6.237636  5.280641
4     01009  11.057950  16.249350  13.780912  9.684810  13.212139  15.471246  21.516338  15.774853  13.184972  16.004571  ...  5.664214  6.992784  7.634543  9.594963  9.224046   9.591793  10.023555  5.536020  7.281590  5.800526  4.839546
...     ...        ...        ...        ...       ...        ...        ...        ...        ...        ...        ...  ...       ...       ...       ...       ...       ...        ...        ...       ...       ...       ...       
...
3103  56037   1.965273   3.607012   3.607989  3.469813   2.869649   2.291850   3.167631  11.514401   4.225587   4.402358  ...  1.602375  1.329327  1.739918  3.487315  4.842107   7.370829   8.815409  3.526130  1.435996  1.108644  2.581738
3104  56039   2.055486   2.942946   2.844405  3.077977   2.233463   1.532509   3.388548  21.755262   3.014514   3.483738  ...  1.094938  0.921677  2.003867  2.865071  2.958986   6.447401   9.812991  5.944789  2.151976  1.259678  2.016445
3105  56041   2.920237   3.782053   3.857534  3.641492   3.207046   2.503608   3.210872   9.825433   4.222746   4.547919  ...  1.836416  1.225546  1.772717  4.090136  4.780134   7.139017   8.355738  3.846643  1.858908  1.947448  2.983494
3106  56043   3.169941   3.810971   4.521688  5.496590   3.638980   2.569518   5.710189  17.339063   4.599121   4.263592  ...  1.901080  1.458638  2.455219  3.393486  3.918605   6.468853   9.950070  3.271849  2.644358  2.332585  2.676827
3107  56045   2.264000   3.819058   8.725975  8.782772   4.939716   2.899659   4.399025  14.941701   6.658396   5.670492  ...  3.192091  2.462754  3.539003  3.437466  3.520473   4.801486   9.320993  3.705720  1.953071  1.799278  1.972766
[3108 rows x 229 columns]