        GEOID  AgeGroup  RaceSex  Ethnicity  199807
0       01001         0        1          1     219
1       01001         0        2          1     232
2       01001         1        1          1     934
3       01001         1        2          1     907
4       01001         2        1          1    1419
...       ...       ...      ...        ...     ...
945131  56045        16        8          2       0
945132  56045        17        7          2       0
945133  56045        17        8          2       0
945134  56045        18        7          2       0
945135  56045        18        8          2       0

[945136 rows x 5 columns]




        GEOID  AgeGroup  RaceSex  Ethnicity  199907
0       01001         0        1          1     218
1       01001         0        2          1     239
2       01001         1        1          1     947
3       01001         1        2          1     928
4       01001         2        1          1    1460
...       ...       ...      ...        ...     ...
945131  56045        16        8          2       0
945132  56045        17        7          2       0
945133  56045        17        8          2       0
945134  56045        18        7          2       0
945135  56045        18        8          2       0

[945136 rows x 5 columns]



5.860993385314941 1998 - 1999 data files
      GEOID  200007  200107  200207  200307  200407  200507  200607  200707  200807  200907
0     01001   44021   44889   45909   46800   48366   49676   51328   52405   53277   54135
1     01003  141342  144875  147957  151509  156266  162183  168121  172404  175827  179406
2     01005   29015   28863   28653   28594   28287   28027   27861   27757   27808   27657
3     01007   19913   21028   21199   21399   21721   22042   22099   22438   22705   22941
4     01009   51107   51845   52551   53457   54124   54624   55485   56240   57055   57341
...     ...     ...     ...     ...     ...     ...     ...     ...     ...     ...     ...
3104  56037   37552   36899   37428   37450   38026   38739   39749   41470   42358   44133
3105  56039   18381   18653   18837   19066   19467   19632   20014   20472   20988   21232
3106  56041   19666   19413   19587   19480   19470   19494   19709   20171   20613   21054
3107  56043    8252    8068    7988    7976    7960    8022    7979    8169    8229    8423
3108  56045    6627    6487    6578    6610    6646    6594    6717    7033    7133    7266

[3109 rows x 11 columns]



      GEOID  201007  201107  201207  201307  201407  201507  201607  201707  201807  201907
0     01001   54773   55227   54954   54727   54893   54864   55243   55390   55533   55869
1     01003  183112  186558  190145  194885  199183  202939  207601  212521  217855  223234
2     01005   27327   27341   27169   26937   26755   26283   25806   25157   24872   24686
3     01007   22870   22745   22667   22521   22553   22566   22586   22550   22367   22394
4     01009   57376   57560   57580   57619   57526   57526   57494   57787   57771   57826
...     ...     ...     ...     ...     ...     ...     ...     ...     ...     ...     ...
3103  56037   43574   43986   45002   45157   44948   44719   44222   43464   42858   42343
3104  56039   21296   21414   21624   22315   22773   23047   23234   23384   23269   23464
3105  56041   21089   20896   20996   20951   20822   20763   20682   20431   20292   20226
3106  56043    8530    8449    8409    8413    8273    8278    8165    8010    7877    7805
3107  56045    7198    7142    7077    7136    7138    7208    7220    6968    6924    6927

[3108 rows x 11 columns]


0.18560504913330078 2000 - 2019 data files
6.047585487365723 total time





   GEOID    199807        199808        199809       199810        199811        199812      199901        199902  ...        201811        201812      201901        201902        201903       201904        201905        201906    201907
0     01   4404701  4.406821e+06  4.408941e+06   4411061.00  4.413181e+06  4.415301e+06   4417421.0  4.419541e+06  ...  4.892849e+06  4.894141e+06   4895433.0  4.896725e+06  4.898017e+06   4899309.00  4.900601e+06  4.901893e+06   4903185
1     04   4883342  4.895049e+06  4.906756e+06   4918462.25  4.930169e+06  4.941876e+06   4953582.5  4.965289e+06  ...  7.198255e+06  7.208313e+06   7218370.5  7.228428e+06  7.238486e+06   7248543.75  7.258601e+06  7.268659e+06   7278717
2     05   2626289  2.628420e+06  2.630551e+06   2632681.75  2.634813e+06  2.636944e+06   2639074.5  2.641205e+06  ...  3.012423e+06  3.013096e+06   3013768.5  3.014441e+06  3.015114e+06   3015786.25  3.016459e+06  3.017131e+06   3017804
3     06  32987675  3.303030e+07  3.307293e+07  33115557.25  3.315818e+07  3.320081e+07  33243439.5  3.328607e+07  ...  3.947847e+07  3.948269e+07  39486905.5  3.949113e+07  3.949534e+07  39499564.25  3.950378e+07  3.950800e+07  39512223
4     08   4116639  4.125754e+06  4.134869e+06   4143983.75  4.153099e+06  4.162214e+06   4171328.5  4.180443e+06  ...  5.644066e+06  5.649591e+06   5655117.0  5.660643e+06  5.666168e+06   5671694.00  5.677220e+06  5.682745e+06   5688271
5     09   3365352  3.367106e+06  3.368860e+06   3370614.25  3.372368e+06  3.374122e+06   3375876.5  3.377631e+06  ...  3.569442e+06  3.568923e+06   3568403.5  3.567884e+06  3.567365e+06   3566845.25  3.566326e+06  3.565806e+06   3565287
6     10    763335  7.643062e+05  7.652775e+05    766248.75  7.672200e+05  7.681912e+05    769162.5  7.701337e+05  ...  9.682407e+05  9.689311e+05    969621.5  9.703119e+05  9.710023e+05    971692.75  9.723832e+05  9.730736e+05    973764
7     11    565230  5.656452e+05  5.660605e+05    566475.75  5.668910e+05  5.673062e+05    567721.5  5.681368e+05  ...  7.029477e+05  7.032978e+05    703648.0  7.039982e+05  7.043483e+05    704698.50  7.050487e+05  7.053988e+05    705749
8     12  15486559  1.550930e+07  1.553204e+07  15554774.50  1.557751e+07  1.560025e+07  15622990.0  1.564573e+07  ...  2.132212e+07  2.134158e+07  21361027.0  2.138048e+07  2.139993e+07  21419382.00  2.143883e+07  2.145829e+07  21477737
9     13   7863536  7.878738e+06  7.893941e+06   7909143.25  7.924346e+06  7.939548e+06   7954750.5  7.969953e+06  ...  1.054656e+07  1.055542e+07  10564277.0  1.057313e+07  1.058199e+07  10590850.00  1.059971e+07  1.060857e+07  10617423
10    16   1252330  1.254275e+06  1.256221e+06   1258166.00  1.260111e+06  1.262057e+06   1264002.0  1.265947e+06  ...  1.762712e+06  1.765756e+06   1768800.5  1.771845e+06  1.774889e+06   1777932.75  1.780977e+06  1.784021e+06   1787065
11    17  12271847  1.227911e+07  1.228638e+07  12293640.25  1.230090e+07  1.230817e+07  12315433.5  1.232270e+07  ...  1.270599e+07  1.270172e+07  12697446.0  1.269318e+07  1.268890e+07  12684633.50  1.268036e+07  1.267609e+07  12671821
12    18   5998880  6.002721e+06  6.006562e+06   6010402.25  6.014243e+06  6.018084e+06   6021924.5  6.025765e+06  ...  6.707738e+06  6.710798e+06   6713858.0  6.716918e+06  6.719978e+06   6723038.50  6.726099e+06  6.729159e+06   6732219
13    19   2902872  2.904102e+06  2.905332e+06   2906562.50  2.907793e+06  2.909023e+06   2910253.0  2.911483e+06  ...  3.150769e+06  3.151306e+06   3151844.0  3.152382e+06  3.152919e+06   3153457.00  3.153995e+06  3.154532e+06   3155070
14    20   2660598  2.662076e+06  2.663555e+06   2665033.00  2.666511e+06  2.667990e+06   2669468.0  2.670946e+06  ...  2.912011e+06  2.912174e+06   2912336.5  2.912499e+06  2.912662e+06   2912825.25  2.912988e+06  2.913151e+06   2913314
15    21   3985390  3.988112e+06  3.990834e+06   3993555.75  3.996278e+06  3.999000e+06   4001721.5  4.004443e+06  ...  4.463326e+06  4.463870e+06   4464413.0  4.464956e+06  4.465500e+06   4466043.00  4.466586e+06  4.467130e+06   4467673
16    22   4440344  4.442050e+06  4.443755e+06   4445460.75  4.447166e+06  4.448872e+06   4450577.5  4.452283e+06  ...  4.656058e+06  4.655150e+06   4654242.0  4.653334e+06  4.652426e+06   4651518.00  4.650610e+06  4.649702e+06   4648794
17    23   1259127  1.259767e+06  1.260407e+06   1261047.25  1.261687e+06  1.262327e+06   1262967.5  1.263608e+06  ...  1.340775e+06  1.341205e+06   1341634.5  1.342064e+06  1.342494e+06   1342923.25  1.343353e+06  1.343782e+06   1344212
18    24   5204464  5.208634e+06  5.212805e+06   5216975.25  5.221146e+06  5.225316e+06   5229486.5  5.233657e+06  ...  6.039095e+06  6.039918e+06   6040741.0  6.041564e+06  6.042387e+06   6043210.50  6.044034e+06  6.044857e+06   6045680
19    25   6271838  6.275630e+06  6.279422e+06   6283214.75  6.287007e+06  6.290799e+06   6294591.5  6.298384e+06  ...  6.885924e+06  6.886747e+06   6887569.0  6.888391e+06  6.889214e+06   6890036.00  6.890858e+06  6.891681e+06   6892503
20    26   9847942  9.852040e+06  9.856138e+06   9860235.50  9.864333e+06  9.868431e+06   9872529.0  9.876627e+06  ...  9.985000e+06  9.985232e+06   9985464.5  9.985697e+06  9.985929e+06   9986160.75  9.986393e+06  9.986625e+06   9986857
21    27   4813412  4.818418e+06  4.823423e+06   4828429.25  4.833435e+06  4.838441e+06   4843446.5  4.848452e+06  ...  5.617377e+06  5.620159e+06   5622940.5  5.625722e+06  5.628504e+06   5631286.25  5.634068e+06  5.636850e+06   5639632
22    28   2804834  2.806798e+06  2.808763e+06   2810727.50  2.812692e+06  2.814657e+06   2816621.0  2.818585e+06  ...  2.979396e+06  2.978990e+06   2978584.5  2.978179e+06  2.977773e+06   2977366.75  2.976961e+06  2.976555e+06   2976149
23    29   5521765  5.525114e+06  5.528462e+06   5531810.75  5.535159e+06  5.538508e+06   5541856.5  5.545205e+06  ...  6.126891e+06  6.128208e+06   6129525.5  6.130843e+06  6.132160e+06   6133476.75  6.134794e+06  6.136111e+06   6137428
24    30    892431  8.928540e+05  8.932770e+05    893700.00  8.941230e+05  8.945460e+05    894969.0  8.953920e+05  ...  1.063369e+06  1.064045e+06   1064721.5  1.065398e+06  1.066074e+06   1066749.75  1.067426e+06  1.068102e+06   1068778
25    31   1695816  1.696562e+06  1.697307e+06   1698053.00  1.698799e+06  1.699544e+06   1700290.0  1.701036e+06  ...  1.928545e+06  1.929278e+06   1930011.0  1.930744e+06  1.931477e+06   1932209.50  1.932942e+06  1.933675e+06   1934408
26    32   1853191  1.859985e+06  1.866779e+06   1873572.75  1.880367e+06  1.887161e+06   1893954.5  1.900748e+06  ...  3.044946e+06  3.049347e+06   3053748.5  3.058150e+06  3.062551e+06   3066952.25  3.071354e+06  3.075755e+06   3080156
27    33   1205940  1.207280e+06  1.208619e+06   1209958.50  1.211298e+06  1.212638e+06   1213977.0  1.215316e+06  ...  1.355547e+06  1.356067e+06   1356588.0  1.357108e+06  1.357629e+06   1358149.50  1.358670e+06  1.359190e+06   1359711
28    34   8287418  8.293432e+06  8.299447e+06   8305461.50  8.311476e+06  8.317491e+06   8323505.0  8.329520e+06  ...  8.884747e+06  8.884427e+06   8884107.5  8.883788e+06  8.883468e+06   8883148.75  8.882829e+06  8.882510e+06   8882190
29    35   1793484  1.794701e+06  1.795917e+06   1797133.50  1.798350e+06  1.799566e+06   1800783.0  1.801999e+06  ...  2.094104e+06  2.094444e+06   2094785.0  2.095126e+06  2.095466e+06   2095807.00  2.096148e+06  2.096488e+06   2096829
30    36  18755906  1.876647e+07  1.877704e+07  18787610.75  1.879818e+07  1.880875e+07  18819315.5  1.882988e+07  ...  1.950475e+07  1.949836e+07  19491956.0  1.948556e+07  1.947916e+07  19472758.50  1.946636e+07  1.945996e+07  19453561
31    37   7809121  7.820808e+06  7.832494e+06   7844181.00  7.855868e+06  7.867554e+06   7879241.0  7.890928e+06  ...  1.041710e+07  1.042598e+07  10434849.5  1.044372e+07  1.045259e+07  10461466.75  1.047034e+07  1.047921e+07  10488084
32    38    647532  6.472592e+05  6.469865e+05    646713.75  6.464410e+05  6.461683e+05    645895.5  6.456228e+05  ...  7.594073e+05  7.597392e+05    760071.0  7.604028e+05  7.607347e+05    761066.50  7.613983e+05  7.617302e+05    762062
33    39  11311536  1.131353e+07  1.131552e+07  11317515.50  1.131951e+07  1.132150e+07  11323495.0  1.132549e+07  ...  1.168059e+07  1.168166e+07  11682720.5  1.168378e+07  1.168485e+07  11685910.25  1.168697e+07  1.168804e+07  11689100
34    40   3405194  3.407857e+06  3.410519e+06   3413182.25  3.415845e+06  3.418508e+06   3421170.5  3.423833e+06  ...  3.945814e+06  3.947208e+06   3948603.0  3.949998e+06  3.951392e+06   3952787.00  3.954182e+06  3.955576e+06   3956971
35    41   3352449  3.355907e+06  3.359364e+06   3362822.00  3.366280e+06  3.369737e+06   3373195.0  3.376653e+06  ...  4.193836e+06  4.196824e+06   4199811.5  4.202799e+06  4.205787e+06   4208774.25  4.211762e+06  4.214749e+06   4217737
36    42  12245672  1.224718e+07  1.224869e+07  12250205.25  1.225172e+07  1.225323e+07  12254738.5  1.225625e+07  ...  1.280128e+07  1.280137e+07  12801455.5  1.280154e+07  1.280163e+07  12801722.25  1.280181e+07  1.280190e+07  12801989
37    44   1031155  1.031926e+06  1.032696e+06   1033466.75  1.034237e+06  1.035008e+06   1035778.5  1.036549e+06  ...  1.058645e+06  1.058735e+06   1058824.0  1.058914e+06  1.059003e+06   1059092.50  1.059182e+06  1.059272e+06   1059361
38    45   3919235  3.923856e+06  3.928476e+06   3933096.75  3.937717e+06  3.942338e+06   3946958.5  3.951579e+06  ...  5.105675e+06  5.111055e+06   5116435.0  5.121815e+06  5.127195e+06   5132574.50  5.137954e+06  5.143334e+06   5148714
39    46    746058  7.464208e+05  7.467837e+05    747146.50  7.475093e+05  7.478722e+05    748235.0  7.485978e+05  ...  8.806850e+05  8.811818e+05    881678.5  8.821753e+05  8.826720e+05    883168.75  8.836655e+05  8.841622e+05    884659
40    47   5570045  5.575767e+06  5.581488e+06   5587210.25  5.592932e+06  5.598654e+06   5604375.5  5.610097e+06  ...  6.790812e+06  6.795607e+06   6800402.5  6.805198e+06  6.809993e+06   6814788.25  6.819584e+06  6.824379e+06   6829174
41    48  20157531  2.019092e+07  2.022431e+07  20257703.25  2.029109e+07  2.032448e+07  20357875.5  2.039127e+07  ...  2.875107e+07  2.878167e+07  28812273.5  2.884287e+07  2.887348e+07  28904077.25  2.893468e+07  2.896528e+07  28995881
42    49   2165960  2.169087e+06  2.172214e+06   2175340.50  2.178467e+06  2.181594e+06   2184721.0  2.187848e+06  ...  3.171019e+06  3.175387e+06   3179754.0  3.184121e+06  3.188489e+06   3192856.00  3.197223e+06  3.201591e+06   3205958
43    50    600416  6.007716e+05  6.011272e+05    601482.75  6.018383e+05  6.021939e+05    602549.5  6.029051e+05  ...  6.242350e+05  6.242042e+05    624173.5  6.241427e+05  6.241120e+05    624081.25  6.240505e+05  6.240197e+05    623989
44    51   6900918  6.909189e+06  6.917461e+06   6925732.00  6.934003e+06  6.942275e+06   6950546.0  6.958817e+06  ...  8.512697e+06  8.515550e+06   8518402.5  8.521255e+06  8.524108e+06   8526960.75  8.529814e+06  8.532666e+06   8535519
45    53   5769562  5.775646e+06  5.781729e+06   5787812.50  5.793896e+06  5.799980e+06   5806063.0  5.812146e+06  ...  7.554210e+06  7.561796e+06   7569381.0  7.576966e+06  7.584552e+06   7592137.00  7.599722e+06  7.607308e+06   7614893
46    54   1815609  1.815292e+06  1.814974e+06   1814656.50  1.814339e+06  1.814022e+06   1813704.0  1.813386e+06  ...  1.800243e+06  1.799231e+06   1798219.0  1.797207e+06  1.796195e+06   1795183.00  1.794171e+06  1.793159e+06   1792147
47    55   5297672  5.300588e+06  5.303504e+06   5306420.50  5.309337e+06  5.312253e+06   5315169.0  5.318085e+06  ...  5.812415e+06  5.813668e+06   5814920.0  5.816172e+06  5.817425e+06   5818677.00  5.819929e+06  5.821182e+06   5822434
48    56    490787  4.908698e+05  4.909525e+05    491035.25  4.911180e+05  4.912008e+05    491283.5  4.913662e+05  ...  5.779870e+05  5.780835e+05    578180.0  5.782765e+05  5.783730e+05    578469.50  5.785660e+05  5.786625e+05    578759